37000,'Fête-1-01',847,,602,210,0,5,0,96,,598,400,0,5,0,91,,599,400,0,5,0,93,,603,400,0,5,0,91,,600,400,0,5,0,100,,601,400,0,5,0
37000,'Fête-2-01',519,,604,200,0,6 7,0,20,,605,280,0,6 7,0,67,,606,280,0,6 7,0,27,,607,280,0,6 7,0,26,,608,280,0,6 7,0,70,,609,280,0,6 7,0,17,,610,280,0,6 7,0,70,,611,280,0,6 7,0,18,,612,280,0,6 7,0,69,,613,280,0,6 7,0,113,,614,180,0,5,0,40,,617,180,0,5,0,80,,615,180,0,5,0,80,,616,180,0,5,0
37000,'Semaine-01',519,,21,200,0,6 7,0,20,,22,280,0,6 7,0,67,,23,280,0,6 7,0,27,,24,280,0,6 7,0,26,,25,280,0,6 7,0,70,,26,280,0,6 7,0,17,,27,280,0,6 7,0,70,,28,280,0,6 7,0,18,,29,280,0,6 7,0,69,,30,280,0,6 7,0,113,,31,180,0,5,0,40,,34,180,0,5,0,80,,32,180,0,5,0,80,,33,180,0,5,0
37000,'Week-end-01',847,,39,210,0,5,0,96,,35,400,0,5,0,91,,36,400,0,5,0,93,,40,400,0,5,0,91,,37,400,0,5,0,100,,38,400,0,5,0
37001,'Fête-1-01',1609,,619,590,0,8,0,91,,620,590,0,8,0,54,,621,590,0,8,0,91,,622,590,0,8,0
37001,'Fête-2-01',1303,,623,380,0,8,0,41,,639,380,0,8,0,81,,624,380,0,8,0,81,,638,380,0,8,0,519,,625,380,0,8,0,85,,637,380,0,8,0,90,,626,380,0,8,0
37001,'Semaine-01',1303,,63,380,0,8,0,41,,79,380,0,8,0,81,,64,380,0,8,0,81,,78,380,0,8,0,519,,65,380,0,8,0,85,,77,380,0,8,0,90,,66,380,0,8,0
37001,'Week-end-01',1609,,81,590,0,8,0,91,,82,590,0,8,0,54,,83,590,0,8,0,91,,84,590,0,8,0
73101,'Fête-2-01',501,,866,130,,,0,50,,863,130,,,0,80,,862,130,,,0,91,,864,130,,,0,79,,865,130,,,0
73101,'Semaine-01',501,,585,130,,,0,50,,582,130,,,0,80,,581,130,,,0,91,,583,130,,,0,79,,584,130,,,0
73201,'Fête-2-01',1549,,872,130,,,0,93,,870,130,,,0,85,,871,130,,,0
73201,'Semaine-01',1549,,597,130,,,0,93,,595,130,,,0,85,,596,130,,,0
