72000,'Fête-1-01',942,,778,390,,,0,200,,779,390,,,0,200,,780,390,,,0,200,,781,390,,,0,200,,782,390,,,0,200,,777,390,,,0
72000,'Fête-2-01',1031,,790,380,,,0,105,,791,380,,,0,100,,792,380,,,0,100,,793,380,,,0,100,,794,380,,,0,100,,795,380,,,0,70,,796,380,,,0,40,,786,380,,,0,60,,787,380,,,0,20,,788,380,,,0,25,,789,380,,,0,60,,783,380,,,0,20,,784,380,,,0,20,,785,380,,,0,55,,797,380,,,0,35,,799,380,,,0,65,,802,380,,,0,50,,800,380,,,0,170,,798,380,,,0,110,,801,380,,,0
72000,'Semaine-01',1026,,417,380,,,0,121,,418,410,,,0,104,,419,420,,,0,96,,420,410,,,0,100,,421,410,,,0,70,,422,410,,,0,19,,424,380,,,0,7,,803,390,,,0,63,,425,380,,,0,47,,804,390,,,0,155,,805,390,,,0,45,,806,390,,,0,53,,429,380,,,0,33,,431,390,,,0,67,,434,380,,,0,53,,432,390,,,0,167,,430,380,,,0,110,,433,380,,,0
72000,'Week-end-01',942,,436,390,,,0,200,,437,390,,,0,200,,438,390,,,0,200,,439,390,,,0,200,,440,390,,,0,200,,435,390,,,0
72001,'Fête-1-01',802,,807,40,,,0,200,,808,40,,,0,200,,809,40,,,0,200,,810,40,,,0,200,,811,40,,,0,200,,812,40,,,0
72001,'Fête-2-01',457,,831,40,,,0,70,,814,40,,,0,30,,815,40,,,0,70,,816,40,,,0,20,,817,40,,,0,60,,818,40,,,0,20,,819,40,,,0,20,,820,40,,,0,75,,821,40,,,0,85,,822,40,,,0,95,,823,40,,,0,100,,824,40,,,0,100,,825,40,,,0,100,,826,40,,,0,100,,813,40,,,0,130,,827,40,,,0,85,,828,40,,,0,225,,829,40,,,0,85,,830,40,,,0
72001,'Semaine-01',457,,477,40,,,0,243,,832,40,,,0,302,,468,40,,,0,100,,469,40,,,0,100,,470,40,,,0,100,,471,40,,,0,100,,466,40,,,0,30,,472,40,,,0,100,,473,40,,,0,85,,474,40,,,0,220,,475,40,,,0,90,,476,40,,,0
72001,'Week-end-01',802,,478,40,,,0,200,,479,40,,,0,200,,480,40,,,0,200,,481,40,,,0,200,,482,40,,,0,200,,483,40,,,0
72100,'Semaine-01',1621,,485,230,,,0,30,,486,230,,,0,60,,488,230,,,0,20,,489,230,,,0,23,,484,240,,,0,57,,487,230,,,0,30,,490,230,,,0
72101,'Semaine-01',547,,497,40,,,0,70,,495,40,,,0,20,,500,40,,,0,20,,496,40,,,0,60,,498,40,,,0,20,,499,40,,,0,19,,491,40,,,0,61,,492,40,,,0,20,,493,40,,,0,75,,494,40,,,0
