37000,'Fête-1-01',854,,602,360,0,5,0,96,,598,550,0,5,0,91,,599,550,0,5,0,93,,603,550,0,5,0,91,,600,550,0,5,0,100,,601,550,0,5,0
37000,'Fête-2-01',526,,604,350,0,6 7,0,20,,605,430,0,6 7,0,67,,606,430,0,6 7,0,27,,607,430,0,6 7,0,66,,608,430,0,6 7,0,30,,609,430,0,6 7,0,17,,610,430,0,6 7,0,70,,611,430,0,6 7,0,18,,612,430,0,6 7,0,69,,613,430,0,6 7,0,113,,614,330,0,5,0,80,,617,330,0,5,0,40,,615,330,0,5,0,80,,616,330,0,5,0
37000,'Semaine-01',526,,21,350,0,6 7,0,20,,22,430,0,6 7,0,67,,23,430,0,6 7,0,27,,24,430,0,6 7,0,66,,25,430,0,6 7,0,30,,26,430,0,6 7,0,17,,27,430,0,6 7,0,70,,28,430,0,6 7,0,18,,29,430,0,6 7,0,69,,30,430,0,6 7,0,113,,31,330,0,5,0,80,,34,330,0,5,0,40,,32,330,0,5,0,80,,33,330,0,5,0
37000,'Week-end-01',854,,39,360,0,5,0,96,,35,550,0,5,0,91,,36,550,0,5,0,93,,40,550,0,5,0,91,,37,550,0,5,0,100,,38,550,0,5,0
37001,'Fête-1-01',1610,,619,630,0,8,0,91,,620,630,0,8,0,54,,621,630,0,8,0,91,,622,630,0,8,0
37001,'Fête-2-01',1304,,623,420,0,8,0,41,,639,420,0,8,0,81,,624,420,0,8,0,81,,638,420,0,8,0,519,,625,420,0,8,0,85,,637,420,0,8,0,90,,626,420,0,8,0
37001,'Semaine-01',1304,,63,420,0,8,0,41,,79,420,0,8,0,81,,64,420,0,8,0,81,,78,420,0,8,0,519,,65,420,0,8,0,85,,77,420,0,8,0,90,,66,420,0,8,0
37001,'Week-end-01',1610,,81,630,0,8,0,91,,82,630,0,8,0,54,,83,630,0,8,0,91,,84,630,0,8,0
73101,'Fête-2-01',502,,866,170,,,0,50,,863,170,,,0,81,,862,170,,,0,90,,864,170,,,0,79,,865,170,,,0
73101,'Semaine-01',502,,585,170,,,0,50,,582,170,,,0,81,,581,170,,,0,90,,583,170,,,0,79,,584,170,,,0
73201,'Fête-2-01',1550,,872,170,,,0,93,,870,170,,,0,85,,871,170,,,0
73201,'Semaine-01',1550,,597,170,,,0,93,,595,170,,,0,85,,596,170,,,0
