72000,'Fête-1-01',945,,778,420,4,,0,200,,779,420,4,,0,200,,780,420,4,,0,200,,781,420,4,,0,200,,782,420,4,,0,200,,777,420,4,,0
72000,'Fête-2-01',1033,,790,410,4,,0,105,,791,410,4,,0,100,,792,410,4,,0,100,,793,410,4,,0,100,,794,410,4,,0,100,,795,410,4,,0,70,,796,410,4,,0,40,,786,410,4,,0,60,,787,410,4,,0,20,,788,410,4,,0,25,,789,410,4,,0,60,,783,410,4,,0,20,,784,410,4,,0,20,,785,410,4,,0,55,,797,410,4,,0,35,,799,410,4,,0,65,,802,410,4,,0,50,,800,410,4,,0,170,,798,410,4,,0,110,,801,410,4,,0
72000,'Semaine-01',1028,,417,410,4,,0,121,,418,440,4,,0,104,,419,450,4,,0,96,,420,440,4,,0,100,,421,440,4,,0,70,,422,440,4,,0,19,,424,410,4,,0,7,,803,420,4,,0,63,,425,410,4,,0,47,,804,420,4,,0,155,,805,420,4,,0,45,,806,420,4,,0,53,,429,410,4,,0,33,,431,420,4,,0,67,,434,410,4,,0,93,,432,420,4,,0,127,,430,410,4,,0,110,,433,410,4,,0
72000,'Week-end-01',945,,436,420,4,,0,200,,437,420,4,,0,200,,438,420,4,,0,200,,439,420,4,,0,200,,440,420,4,,0,200,,435,420,4,,0
72001,'Fête-1-01',805,,807,70,,,0,200,,808,70,,,0,200,,809,70,,,0,200,,810,70,,,0,200,,811,70,,,0,200,,812,70,,,0
72001,'Fête-2-01',500,,831,70,,,0,30,,814,70,,,0,70,,815,70,,,0,30,,816,70,,,0,20,,817,70,,,0,60,,818,70,,,0,20,,819,70,,,0,20,,820,70,,,0,75,,821,70,,,0,85,,822,70,,,0,95,,823,70,,,0,100,,824,70,,,0,100,,825,70,,,0,100,,826,70,,,0,100,,813,70,,,0,130,,827,70,,,0,85,,828,70,,,0,225,,829,70,,,0,85,,830,70,,,0
72001,'Semaine-01',500,,477,70,,,0,203,,832,70,,,0,302,,468,70,,,0,100,,469,70,,,0,100,,470,70,,,0,100,,471,70,,,0,100,,466,70,,,0,30,,472,70,,,0,100,,473,70,,,0,85,,474,70,,,0,220,,475,70,,,0,90,,476,70,,,0
72001,'Week-end-01',805,,478,70,,,0,200,,479,70,,,0,200,,480,70,,,0,200,,481,70,,,0,200,,482,70,,,0,200,,483,70,,,0
72100,'Semaine-01',1623,,485,260,4,,0,30,,486,260,4,,0,60,,488,260,4,,0,20,,489,260,4,,0,23,,484,270,4,,0,57,,487,260,4,,0,30,,490,260,4,,0
72101,'Semaine-01',550,,497,70,,,0,70,,495,70,,,0,20,,500,70,,,0,60,,496,70,,,0,20,,498,70,,,0,20,,499,70,,,0,19,,491,70,,,0,61,,492,70,,,0,20,,493,70,,,0,75,,494,70,,,0
