72000,'Fête-1-01',940,,778,360,,,0,200,,779,360,,,0,200,,780,360,,,0,200,,781,360,,,0,200,,782,360,,,0,200,,777,360,,,0
72000,'Fête-2-01',1029,,790,350,,,0,105,,791,350,,,0,100,,792,350,,,0,100,,793,350,,,0,100,,794,350,,,0,100,,795,350,,,0,70,,796,350,,,0,40,,786,350,,,0,60,,787,350,,,0,20,,788,350,,,0,25,,789,350,,,0,60,,783,350,,,0,20,,784,350,,,0,20,,785,350,,,0,55,,797,350,,,0,35,,799,350,,,0,65,,802,350,,,0,50,,800,350,,,0,170,,798,350,,,0,110,,801,350,,,0
72000,'Semaine-01',1024,,417,350,,,0,121,,418,380,,,0,104,,419,390,,,0,96,,420,380,,,0,100,,421,380,,,0,70,,422,380,,,0,19,,424,350,,,0,7,,803,360,,,0,63,,425,350,,,0,47,,804,360,,,0,155,,805,360,,,0,45,,806,360,,,0,53,,429,350,,,0,33,,431,360,,,0,67,,434,350,,,0,53,,432,360,,,0,167,,430,350,,,0,110,,433,350,,,0
72000,'Week-end-01',940,,436,360,,,0,200,,437,360,,,0,200,,438,360,,,0,200,,439,360,,,0,200,,440,360,,,0,200,,435,360,,,0
72001,'Fête-1-01',800,,807,10,,,0,200,,808,10,,,0,200,,809,10,,,0,200,,810,10,,,0,200,,811,10,,,0,200,,812,10,,,0
72001,'Fête-2-01',455,,831,10,,,0,70,,814,10,,,0,30,,815,10,,,0,70,,816,10,,,0,20,,817,10,,,0,60,,818,10,,,0,20,,819,10,,,0,20,,820,10,,,0,75,,821,10,,,0,85,,822,10,,,0,95,,823,10,,,0,100,,824,10,,,0,100,,825,10,,,0,100,,826,10,,,0,100,,813,10,,,0,130,,827,10,,,0,85,,828,10,,,0,225,,829,10,,,0,85,,830,10,,,0
72001,'Semaine-01',455,,477,10,,,0,203,,832,10,,,0,342,,468,10,,,0,100,,469,10,,,0,100,,470,10,,,0,100,,471,10,,,0,100,,466,10,,,0,30,,472,10,,,0,100,,473,10,,,0,85,,474,10,,,0,220,,475,10,,,0,90,,476,10,,,0
72001,'Week-end-01',800,,478,10,,,0,200,,479,10,,,0,200,,480,10,,,0,200,,481,10,,,0,200,,482,10,,,0,200,,483,10,,,0
72100,'Semaine-01',1619,,485,200,,,0,30,,486,200,,,0,60,,488,200,,,0,20,,489,200,,,0,23,,484,210,,,0,57,,487,200,,,0,30,,490,200,,,0
72101,'Semaine-01',545,,497,10,,,0,70,,495,10,,,0,20,,500,10,,,0,20,,496,10,,,0,60,,498,10,,,0,20,,499,10,,,0,19,,491,10,,,0,61,,492,10,,,0,20,,493,10,,,0,75,,494,10,,,0
