370,37000,'Fête-1-01',598,599,600,601,602,603
370,37000,'Fête-2-01',604,605,606,607,608,609,610,611,612,613,614,615,616,617
370,37000,'Semaine-01',21,22,23,24,25,26,27,28,29,30,31,32,33,34
370,37000,'Week-end-01',35,36,37,38,39,40
370,37001,'Fête-1-01',618,619,620,621,622
370,37001,'Fête-2-01',623,624,625,626,627,628,629,630,631,632,633,634,635,636,637,638,639
370,37001,'Semaine-01',63,64,65,66,67,68,69,70,71,72,73,74,75,76,77,78,79
370,37001,'Week-end-01',80,81,82,83,84
532,53200,'Fête-2-01',640,641,642,643,644,645,646,647,648,649,650,651,652,653,654,655,656,657,658,659,660,661
532,53200,'Semaine-01',107,108,109,110,111,112,113,114,115,116,117,118,119,120,121,122,123,124,125,126,127,128
532,53201,'Fête-2-01',662,663,664,665,666,667,668,669,670,671,672,673,674,675,676,677,678,679,680,681,682
532,53201,'Semaine-01',150,151,152,153,154,155,156,157,158,159,160,161,162,163,164,165,166,167,168,169,170
700,70000,'Fête-1-01',683,684,685,686,687,688,689,690,691,692
700,70000,'Fête-2-01',693,694,695,696,697,698,699,700,701,702
700,70000,'Semaine-01',191,192,193,194,195,196,197,198,199,200,201,202,203,204,205,206,207,208,209,210,211
700,70000,'Week-end-01',212,213,214,215,216,217,218,219,220,221
700,70001,'Fête-1-01',703,704,705,706,707,708,709,710,711,712
700,70001,'Fête-2-01',713,714,715,716,717,718,719,720,721,722
700,70001,'Semaine-01',242,243,244,245,246,247,248,249,250,251,252,253,254,255,256,257,258,259,260,261
700,70001,'Week-end-01',262,263,264,265,266,267,268,269,270,271
701,70100,'Fête-1-01',723,724,725,726,727,728,729,730,731,732
701,70100,'Fête-2-01',733,734,735,736,737,738,739,740,741,742
701,70100,'Semaine-01',292,293,294,295,296,297,298,299,300,301,302,303,304,305,306
701,70100,'Week-end-01',307,308,309,310,311,312,313,314,315,316
701,70101,'Fête-1-01',743,744,745,746,747,748,749,750,751,752
701,70101,'Fête-2-01',753,754,755,756,757,758,759,760,761,762
701,70101,'Semaine-01',337,338,339,340,341,342,343,344,345,346,347,348,349,350,351,352
701,70101,'Week-end-01',353,354,355,356,357,358,359,360,361,362
707,70700,'Fête-2-01',763,764,765,766
707,70700,'Semaine-01',367,368,369,370
707,70701,'Fête-2-01',767,768,769,770
707,70701,'Semaine-01',375,376,377,378
709,70900,'Fête-2-01',771,772,773
709,70900,'Semaine-01',382,383,384
709,70901,'Fête-2-01',774,775,776
709,70901,'Semaine-01',388,389,390
720,72000,'Fête-1-01',777,778,779,780,781,782
720,72000,'Fête-2-01',783,784,785,786,787,788,789,790,791,792,793,794,795,796,797,798,799,800,801,802
720,72000,'Semaine-01',417,418,419,420,421,422,803,424,425,804,805,806,429,430,431,432,433,434
720,72000,'Week-end-01',435,436,437,438,439,440
720,72001,'Fête-1-01',807,808,809,810,811,812
720,72001,'Fête-2-01',813,814,815,816,817,818,819,820,821,822,823,824,825,826,827,828,829,830,831
720,72001,'Semaine-01',466,832,468,469,470,471,472,473,474,475,476,477
720,72001,'Week-end-01',478,479,480,481,482,483
721,72100,'Semaine-01',484,485,486,487,488,489,490
721,72101,'Semaine-01',491,492,493,494,495,496,497,498,499,500
722,72200,'Semaine-01',501,502,503,504,505,506,507
722,72201,'Semaine-01',508,509,510,511,512,513,514,515,516,517
723,72300,'Fête-2-01',833,834,835,836,837,838,839,840,841,842,843
723,72300,'Semaine-01',529,530,531,532,533,534,535,536,537,538,539
723,72301,'Fête-2-01',844,845,846,847,848,849,850,851,852,853,854,855,856
723,72301,'Semaine-01',553,554,555,556,557,558,559,560,561,562,563,564,565
731,73100,'Fête-2-01',857,858,859,860,861
731,73100,'Semaine-01',571,572,573,574,575
731,73101,'Fête-2-01',862,863,864,865,866
731,73101,'Semaine-01',581,582,583,584,585
732,73200,'Fête-2-01',867,868,869
732,73200,'Semaine-01',589,590,591
732,73201,'Fête-2-01',870,871,872
732,73201,'Semaine-01',595,596,597
