70000,'Fête-1-01',710,,684,10,,,0,200,,688,10,,,0,200,,689,10,,,0,200,,690,10,,,0,200,,691,10,,,0,200,,692,10,,,0,200,,685,10,,,0,200,,686,10,,,0,200,,687,10,,,0,200,,683,10,,,0
70000,'Fête-2-01',710,,694,10,,,0,200,,698,10,,,0,200,,699,10,,,0,200,,700,10,,,0,200,,701,10,,,0,200,,702,10,,,0,200,,695,10,,,0,200,,696,10,,,0,200,,697,10,,,0,200,,693,10,,,0
70000,'Semaine-01',540,,198,10,,,0,100,,199,10,,,0,70,,195,10,,,0,15,,193,10,,,0,75,,192,10,,,0,40,,207,10,,,0,100,,196,10,,,0,70,,200,10,,,0,200,,201,10,,,0,200,,202,10,,,0,130,,208,10,,,0,80,,191,10,,,0,90,,203,10,,,0,30,,210,10,,,0,70,,206,10,,,0,30,,209,10,,,0,100,,194,10,,,0,100,,197,10,,,0,100,,211,10,,,0,170,,204,10,,,0,200,,205,10,,,0
70000,'Week-end-01',710,,213,10,,,0,200,,217,10,,,0,200,,218,10,,,0,200,,219,10,,,0,200,,220,10,,,0,200,,221,10,,,0,200,,214,10,,,0,200,,215,10,,,0,200,,216,10,,,0,200,,212,10,,,0
70001,'Fête-1-01',657,,711,590,4,,0,200,,712,590,4,,0,201,,703,590,4,,0,200,,704,590,4,,0,199,,705,590,4,,0,201,,706,590,4,,0,200,,707,590,4,,0,197,,708,590,4,,0,200,,709,590,4,,0,200,,710,590,4,,0
70001,'Fête-2-01',657,,721,590,4,,0,200,,722,590,4,,0,243,,713,590,4,,0,200,,714,590,4,,0,200,,715,590,4,,0,202,,716,590,4,,0,157,,717,590,4,,0,199,,718,590,4,,0,199,,719,590,4,,0,200,,720,590,4,,0
70001,'Semaine-01',527,,249,590,4,,0,101,,250,600,4,,0,87,,245,600,4,,0,35,,243,620,4,,0,78,,251,600,4,,0,104,,247,590,4,,0,69,,252,600,4,,0,202,,253,620,4,,0,155,,254,600,4,,0,170,,255,590,4,,0,82,,242,600,4,,0,19,,257,590,4,,0,85,,244,590,4,,0,16,,256,590,4,,0,100,,258,590,4,,0,98,,246,590,4,,0,99,,248,590,4,,0,99,,261,590,4,,0,130,,259,590,4,,0,199,,260,590,4,,0
70001,'Week-end-01',657,,270,590,4,,0,200,,271,590,4,,0,201,,262,590,4,,0,200,,263,590,4,,0,199,,264,590,4,,0,201,,265,590,4,,0,200,,266,590,4,,0,197,,267,590,4,,0,200,,268,590,4,,0,200,,269,590,4,,0
70100,'Fête-1-01',610,,732,10,,,0,200,,724,10,,,0,200,,728,10,,,0,200,,725,10,,,0,200,,726,10,,,0,200,,727,10,,,0,200,,729,10,,,0,200,,730,10,,,0,200,,731,10,,,0,200,,723,10,,,0
70100,'Fête-2-01',608,,742,10,,,0,202,,734,10,,,0,200,,738,10,,,0,200,,735,10,,,0,200,,736,10,,,0,199,,737,10,,,0,201,,739,10,,,0,200,,740,10,,,0,200,,741,10,,,0,200,,733,10,,,0
70100,'Semaine-01',610,,294,10,,,0,130,,295,10,,,0,70,,303,10,,,0,100,,297,10,,,0,200,,304,10,,,0,200,,305,10,,,0,200,,306,10,,,0,100,,296,10,,,0,30,,302,10,,,0,85,,292,10,,,0,185,,298,10,,,0,100,,299,10,,,0,100,,293,10,,,0,100,,300,10,,,0,200,,301,10,,,0
70100,'Week-end-01',610,,316,10,,,0,200,,308,10,,,0,200,,312,10,,,0,200,,309,10,,,0,200,,310,10,,,0,200,,311,10,,,0,200,,313,10,,,0,200,,314,10,,,0,200,,315,10,,,0,200,,307,10,,,0
70101,'Fête-1-01',558,,752,390,4,,0,200,,748,390,4,,0,200,,744,390,4,,0,200,,745,390,4,,0,201,,746,390,4,,0,200,,747,390,4,,0,198,,749,390,4,,0,200,,750,390,4,,0,200,,751,390,4,,0,200,,743,390,4,,0
70101,'Fête-2-01',558,,762,390,4,,0,200,,758,390,4,,0,242,,754,390,4,,0,202,,755,390,4,,0,157,,756,390,4,,0,242,,757,390,4,,0,199,,759,390,4,,0,157,,760,390,4,,0,200,,761,390,4,,0,200,,753,390,4,,0
70101,'Semaine-01',559,,344,390,4,,0,143,,346,390,4,,0,30,,338,390,4,,0,70,,347,390,4,,0,100,,345,390,4,,0,198,,349,390,4,,0,202,,350,390,4,,0,199,,351,390,4,,0,102,,352,390,4,,0,98,,348,390,4,,0,99,,339,390,4,,0,102,,340,390,4,,0,55,,342,390,4,,0,99,,337,390,4,,0,100,,343,390,4,,0,200,,341,390,4,,0
70101,'Week-end-01',558,,362,390,4,,0,200,,358,390,4,,0,200,,354,390,4,,0,200,,355,390,4,,0,201,,356,390,4,,0,200,,357,390,4,,0,198,,359,390,4,,0,200,,360,390,4,,0,200,,361,390,4,,0,200,,353,390,4,,0
70700,'Fête-2-01',620,,763,10,,,0,95,,764,10,,,0,100,,765,10,,,0,730,,766,10,,,0
70700,'Semaine-01',620,,367,10,,,0,95,,368,10,,,0,100,,369,10,,,0,730,,370,10,,,0
70701,'Fête-2-01',710,,768,130,4,,0,829,,770,70,4,,0,82,,769,70,4,,0,194,,767,70,4,,0
70701,'Semaine-01',710,,376,130,4,,0,829,,378,70,4,,0,82,,377,70,4,,0,194,,375,70,4,,0
70900,'Fête-2-01',1630,,772,10,,,0,100,,771,10,,,0,90,,773,10,,,0
70900,'Semaine-01',1630,,383,10,,,0,100,,382,10,,,0,90,,384,10,,,0
70901,'Fête-2-01',615,,776,110,4,,0,188,,774,110,4,,0,916,,775,50,4,,0
70901,'Semaine-01',615,,390,110,4,,0,188,,388,110,4,,0,916,,389,50,4,,0
