53201,'Fête-2-01',503,,667,30,,,0,30,,668,30,,,0,80,,669,30,,,0,40,,670,30,,,0,80,,671,30,,,0,80,,672,30,,,0,40,,673,30,,,0,80,,663,30,,,0,115,,674,30,,,0,105,,675,30,,,0,105,,676,30,,,0,145,,662,30,,,0,105,,664,30,,,0,105,,677,30,,,0,40,,678,30,,,0,80,,679,30,,,0,80,,680,30,,,0,40,,681,30,,,0,80,,665,30,,,0,80,,682,30,,,0,40,,666,30,,,0
53201,'Semaine-01',503,,155,30,,,0,30,,156,30,,,0,80,,157,30,,,0,40,,158,30,,,0,80,,159,30,,,0,80,,160,30,,,0,40,,161,30,,,0,80,,151,30,,,0,115,,162,30,,,0,105,,163,30,,,0,105,,164,30,,,0,145,,150,30,,,0,105,,152,30,,,0,105,,165,30,,,0,40,,166,30,,,0,80,,167,30,,,0,80,,168,30,,,0,40,,169,30,,,0,80,,153,30,,,0,80,,170,30,,,0,40,,154,30,,,0
70001,'Fête-1-01',638,,711,570,,,0,201,,712,570,,,0,200,,703,570,,,0,202,,704,570,,,0,198,,705,570,,,0,201,,706,570,,,0,199,,707,570,,,0,199,,708,570,,,0,199,,709,570,,,0,200,,710,570,,,0
70001,'Fête-2-01',639,,721,570,,,0,200,,722,570,,,0,203,,713,570,,,0,200,,714,570,,,0,200,,715,570,,,0,200,,716,570,,,0,198,,717,570,,,0,200,,718,570,,,0,198,,719,570,,,0,200,,720,570,,,0
70001,'Semaine-01',509,,249,570,,,0,100,,250,570,,,0,46,,245,570,,,0,64,,243,570,,,0,89,,251,570,,,0,106,,247,570,,,0,27,,252,570,,,0,194,,253,570,,,0,205,,254,570,,,0,169,,255,570,,,0,40,,242,570,,,0,60,,257,570,,,0,44,,244,570,,,0,56,,256,570,,,0,102,,258,570,,,0,99,,246,570,,,0,99,,248,570,,,0,99,,261,570,,,0,129,,259,570,,,0,199,,260,570,,,0
70001,'Week-end-01',638,,270,570,,,0,201,,271,570,,,0,200,,262,570,,,0,202,,263,570,,,0,198,,264,570,,,0,201,,265,570,,,0,199,,266,570,,,0,199,,267,570,,,0,199,,268,570,,,0,200,,269,570,,,0
70101,'Fête-1-01',542,,752,370,,,0,199,,748,370,,,0,200,,744,370,,,0,200,,745,370,,,0,200,,746,370,,,0,199,,747,370,,,0,200,,749,370,,,0,200,,750,370,,,0,200,,751,370,,,0,199,,743,370,,,0
70101,'Fête-2-01',539,,762,370,,,0,201,,758,370,,,0,203,,754,370,,,0,200,,755,370,,,0,199,,756,370,,,0,200,,757,370,,,0,200,,759,370,,,0,198,,760,370,,,0,200,,761,370,,,0,200,,753,370,,,0
70101,'Semaine-01',540,,344,370,,,0,105,,346,370,,,0,68,,338,370,,,0,31,,347,370,,,0,100,,345,370,,,0,199,,349,370,,,0,200,,350,370,,,0,199,,351,370,,,0,102,,352,370,,,0,98,,348,370,,,0,100,,339,370,,,0,103,,340,370,,,0,95,,342,370,,,0,99,,337,370,,,0,100,,343,370,,,0,200,,341,370,,,0
70101,'Week-end-01',542,,362,370,,,0,199,,358,370,,,0,200,,354,370,,,0,200,,355,370,,,0,200,,356,370,,,0,199,,357,370,,,0,200,,359,370,,,0,200,,360,370,,,0,200,,361,370,,,0,199,,353,370,,,0
70901,'Fête-2-01',558,,776,90,,,0,186,,774,90,,,0,956,,775,30,,,0
70901,'Semaine-01',558,,390,90,,,0,186,,388,90,,,0,956,,389,30,,,0
72201,'Semaine-01',605,,512,200,,,0,30,,513,200,,,0,20,,516,200,,,0,60,,514,200,,,0,20,,515,200,,,0,20,,517,200,,,0,60,,511,200,,,0,20,,509,200,,,0,20,,508,200,,,0,60,,510,200,,,0
