37000,'Fête-1-01',925,,598,90,0,5,0,91,,599,90,0,5,0,93,,603,90,0,5,0,91,,600,90,0,5,0,100,,601,90,0,5,0
37000,'Week-end-01',925,,35,90,0,5,0,91,,36,90,0,5,0,93,,40,90,0,5,0,91,,37,90,0,5,0,100,,38,90,0,5,0
37001,'Fête-1-01',1553,,619,270,0,8,0,91,,620,270,0,8,0,94,,621,270,0,8,0,91,,622,270,0,8,0,94,,618,270,0,8,0
37001,'Fête-2-01',1256,,623,270,0,8,0,81,,639,270,0,8,0,81,,624,270,0,8,0,41,,638,270,0,8,0,81,,628,270,0,9,0,68,,629,270,0,9,0,27,,630,270,0,9,0,21,,631,270,0,9,0,66,,632,270,0,9,0,29,,633,270,0,9,0,67,,634,270,0,9,0,20,,635,270,0,9,0,80,,636,270,0,9,0,100,,625,270,0,8,0,85,,637,270,0,8,0,50,,626,270,0,8,0,100,,627,270,0,8,0
37001,'Semaine-01',1256,,63,270,0,8,0,81,,79,270,0,8,0,81,,64,270,0,8,0,41,,78,270,0,8,0,81,,68,270,0,9,0,68,,69,270,0,9,0,27,,70,270,0,9,0,21,,71,270,0,9,0,66,,72,270,0,9,0,29,,73,270,0,9,0,67,,74,270,0,9,0,20,,75,270,0,9,0,80,,76,270,0,9,0,100,,65,270,0,8,0,85,,77,270,0,8,0,50,,66,270,0,8,0,100,,67,270,0,8,0
37001,'Week-end-01',1553,,81,270,0,8,0,91,,82,270,0,8,0,94,,83,270,0,8,0,91,,84,270,0,8,0,94,,80,270,0,8,0
73100,'Fête-2-01',1525,,861,180,,,0,93,,859,180,,,0,83,,858,180,,,0,57,,860,180,,,0,77,,857,180,,,0
73100,'Semaine-01',1525,,575,180,,,0,93,,573,180,,,0,83,,572,180,,,0,57,,574,180,,,0,77,,571,180,,,0
73200,'Fête-2-01',611,,869,160,,,0,90,,867,160,,,0,40,,868,160,,,0
73200,'Semaine-01',611,,591,160,,,0,90,,589,160,,,0,40,,590,160,,,0
