53200,'Fête-2-01',539,,645,30,,,0,80,,646,30,,,0,40,,647,30,,,0,80,,648,30,,,0,81,,649,30,,,0,39,,650,30,,,0,79,,642,30,,,0,82,,641,30,,,0,111,,651,30,,,0,103,,652,30,,,0,106,,653,30,,,0,106,,640,30,,,0,95,,654,30,,,0,80,,655,30,,,0,80,,656,30,,,0,40,,657,30,,,0,80,,658,30,,,0,38,,659,30,,,0,78,,660,30,,,0,82,,643,30,,,0,38,,661,30,,,0,80,,644,30,,,0
53200,'Semaine-01',539,,112,30,,,0,80,,113,30,,,0,40,,114,30,,,0,80,,115,30,,,0,81,,116,30,,,0,39,,117,30,,,0,79,,109,30,,,0,82,,108,30,,,0,111,,118,30,,,0,103,,119,30,,,0,106,,120,30,,,0,106,,107,30,,,0,95,,121,30,,,0,80,,122,30,,,0,80,,123,30,,,0,40,,124,30,,,0,80,,125,30,,,0,38,,126,30,,,0,78,,127,30,,,0,82,,110,30,,,0,38,,128,30,,,0,80,,111,30,,,0
70000,'Fête-1-01',719,,684,20,,,0,200,,688,20,,,0,200,,689,20,,,0,200,,690,20,,,0,200,,691,20,,,0,200,,692,20,,,0,200,,685,20,,,0,200,,686,20,,,0,199,,687,20,,,0,200,,683,20,,,0
70000,'Fête-2-01',719,,694,20,,,0,200,,698,20,,,0,200,,699,20,,,0,200,,700,20,,,0,200,,701,20,,,0,200,,702,20,,,0,200,,695,20,,,0,199,,696,20,,,0,200,,697,20,,,0,200,,693,20,,,0
70000,'Semaine-01',548,,198,20,,,0,103,,199,30,,,0,68,,195,20,,,0,17,,193,30,,,0,73,,192,20,,,0,40,,207,20,,,0,100,,196,20,,,0,70,,200,20,,,0,210,,201,50,,,0,192,,202,30,,,0,131,,208,30,,,0,90,,191,50,,,0,77,,203,20,,,0,34,,210,30,,,0,79,,206,50,,,0,20,,209,30,,,0,97,,194,20,,,0,99,,197,20,,,0,103,,211,30,,,0,167,,204,20,,,0,200,,205,20,,,0
70000,'Week-end-01',719,,213,20,,,0,200,,217,20,,,0,200,,218,20,,,0,200,,219,20,,,0,200,,220,20,,,0,200,,221,20,,,0,200,,214,20,,,0,200,,215,20,,,0,199,,216,20,,,0,200,,212,20,,,0
70100,'Fête-1-01',618,,732,20,,,0,200,,724,20,,,0,201,,728,20,,,0,200,,725,20,,,0,200,,726,20,,,0,200,,727,20,,,0,200,,729,20,,,0,200,,730,20,,,0,200,,731,20,,,0,200,,723,20,,,0
70100,'Fête-2-01',617,,742,20,,,0,202,,734,20,,,0,200,,738,20,,,0,200,,735,20,,,0,200,,736,20,,,0,199,,737,20,,,0,201,,739,20,,,0,200,,740,20,,,0,199,,741,20,,,0,200,,733,20,,,0
70100,'Semaine-01',619,,294,20,,,0,130,,295,20,,,0,70,,303,20,,,0,100,,297,20,,,0,200,,304,20,,,0,200,,305,20,,,0,200,,306,20,,,0,100,,296,20,,,0,30,,302,20,,,0,85,,292,20,,,0,185,,298,20,,,0,100,,299,20,,,0,100,,293,20,,,0,99,,300,20,,,0,200,,301,20,,,0
70100,'Week-end-01',618,,316,20,,,0,200,,308,20,,,0,201,,312,20,,,0,200,,309,20,,,0,200,,310,20,,,0,200,,311,20,,,0,200,,313,20,,,0,200,,314,20,,,0,200,,315,20,,,0,200,,307,20,,,0
70700,'Fête-2-01',630,,763,20,,,0,95,,764,20,,,0,100,,765,20,,,0,730,,766,20,,,0
70700,'Semaine-01',630,,367,20,,,0,95,,368,20,,,0,100,,369,20,,,0,730,,370,20,,,0
70900,'Fête-2-01',1644,,772,20,,,0,96,,771,20,,,0,89,,773,20,,,0
70900,'Semaine-01',1644,,383,20,,,0,96,,382,20,,,0,89,,384,20,,,0
72000,'Fête-1-01',913,,778,30,,,0,200,,779,30,,,0,200,,780,30,,,0,200,,781,30,,,0,200,,782,30,,,0,200,,777,30,,,0
72000,'Fête-2-01',1004,,790,20,,,0,105,,791,20,,,0,100,,792,20,,,0,100,,793,20,,,0,100,,794,20,,,0,100,,795,20,,,0,30,,796,20,,,0,80,,786,20,,,0,20,,787,20,,,0,20,,788,20,,,0,60,,789,20,,,0,20,,783,20,,,0,20,,784,20,,,0,60,,785,20,,,0,20,,797,20,,,0,75,,799,20,,,0,25,,802,20,,,0,90,,800,20,,,0,130,,798,20,,,0,150,,801,20,,,0
72000,'Semaine-01',959,,417,20,,,0,161,,418,50,,,0,104,,419,60,,,0,96,,420,50,,,0,100,,421,50,,,0,30,,422,50,,,0,59,,424,20,,,0,7,,803,30,,,0,23,,425,20,,,0,87,,804,30,,,0,115,,805,30,,,0,85,,806,30,,,0,13,,429,20,,,0,73,,431,30,,,0,27,,434,20,,,0,93,,432,30,,,0,127,,430,20,,,0,150,,433,20,,,0
72000,'Week-end-01',913,,436,30,,,0,200,,437,30,,,0,200,,438,30,,,0,200,,439,30,,,0,200,,440,30,,,0,200,,435,30,,,0
72100,'Semaine-01',1600,,485,20,,,0,30,,486,20,,,0,20,,488,20,,,0,60,,489,20,,,0,23,,484,30,,,0,17,,487,20,,,0,70,,490,20,,,0
72200,'Semaine-01',1610,,502,20,,,0,35,,505,20,,,0,59,,501,30,,,0,16,,506,20,,,0,20,,503,20,,,0,64,,507,30,,,0,26,,504,20,,,0
72300,'Fête-2-01',724,,839,20,,,0,25,,837,20,,,0,65,,836,20,,,0,20,,838,20,,,0,25,,840,20,,,0,75,,843,20,,,0,75,,841,20,,,0,295,,842,20,,,0,110,,835,20,0,10 11,0,635,,833,20,0,10 11,0,160,,834,20,0,10 11,0
72300,'Semaine-01',724,,535,20,,,0,25,,533,20,,,0,65,,532,20,,,0,20,,534,20,,,0,25,,536,20,,,0,75,,539,20,,,0,75,,537,20,,,0,295,,538,20,,,0,110,,531,20,0,10 11,0,635,,529,20,0,10 11,0,160,,530,20,0,10 11,0
73100,'Fête-2-01',1504,,861,20,,,0,52,,859,20,,,0,82,,858,20,,,0,98,,860,20,,,0,79,,857,20,,,0
73100,'Semaine-01',1504,,575,20,,,0,52,,573,20,,,0,82,,572,20,,,0,98,,574,20,,,0,79,,571,20,,,0
73200,'Fête-2-01',549,,869,20,,,0,90,,867,20,,,0,80,,868,20,,,0
73200,'Semaine-01',549,,591,20,,,0,90,,589,20,,,0,80,,590,20,,,0
