72000,'Fête-1-01',944,,778,410,,,0,200,,779,410,,,0,200,,780,410,,,0,200,,781,410,,,0,200,,782,410,,,0,200,,777,410,,,0
72000,'Fête-2-01',1032,,790,400,,,0,105,,791,400,,,0,100,,792,400,,,0,100,,793,400,,,0,100,,794,400,,,0,100,,795,400,,,0,70,,796,400,,,0,40,,786,400,,,0,60,,787,400,,,0,20,,788,400,,,0,25,,789,400,,,0,60,,783,400,,,0,20,,784,400,,,0,20,,785,400,,,0,55,,797,400,,,0,35,,799,400,,,0,65,,802,400,,,0,50,,800,400,,,0,170,,798,400,,,0,110,,801,400,,,0
72000,'Semaine-01',1027,,417,400,,,0,121,,418,430,,,0,104,,419,440,,,0,96,,420,430,,,0,100,,421,430,,,0,70,,422,430,,,0,19,,424,400,,,0,7,,803,410,,,0,63,,425,400,,,0,47,,804,410,,,0,155,,805,410,,,0,45,,806,410,,,0,53,,429,400,,,0,33,,431,410,,,0,67,,434,400,,,0,93,,432,410,,,0,127,,430,400,,,0,110,,433,400,,,0
72000,'Week-end-01',944,,436,410,,,0,200,,437,410,,,0,200,,438,410,,,0,200,,439,410,,,0,200,,440,410,,,0,200,,435,410,,,0
72001,'Fête-1-01',804,,807,60,,,0,200,,808,60,,,0,200,,809,60,,,0,200,,810,60,,,0,200,,811,60,,,0,200,,812,60,,,0
72001,'Fête-2-01',459,,831,60,,,0,70,,814,60,,,0,30,,815,60,,,0,70,,816,60,,,0,20,,817,60,,,0,60,,818,60,,,0,20,,819,60,,,0,20,,820,60,,,0,75,,821,60,,,0,85,,822,60,,,0,95,,823,60,,,0,100,,824,60,,,0,100,,825,60,,,0,100,,826,60,,,0,100,,813,60,,,0,130,,827,60,,,0,85,,828,60,,,0,225,,829,60,,,0,85,,830,60,,,0
72001,'Semaine-01',459,,477,60,,,0,243,,832,60,,,0,302,,468,60,,,0,100,,469,60,,,0,100,,470,60,,,0,100,,471,60,,,0,100,,466,60,,,0,30,,472,60,,,0,100,,473,60,,,0,85,,474,60,,,0,220,,475,60,,,0,90,,476,60,,,0
72001,'Week-end-01',804,,478,60,,,0,200,,479,60,,,0,200,,480,60,,,0,200,,481,60,,,0,200,,482,60,,,0,200,,483,60,,,0
72100,'Semaine-01',1622,,485,250,,,0,30,,486,250,,,0,60,,488,250,,,0,20,,489,250,,,0,23,,484,260,,,0,57,,487,250,,,0,30,,490,250,,,0
72101,'Semaine-01',549,,497,60,,,0,70,,495,60,,,0,20,,500,60,,,0,20,,496,60,,,0,60,,498,60,,,0,20,,499,60,,,0,19,,491,60,,,0,61,,492,60,,,0,20,,493,60,,,0,75,,494,60,,,0
