53201,'Semaine-01',508,,155,40,4,,0,32,,156,40,4,,0,81,,157,40,4,,0,80,,158,40,4,,0,38,,159,40,4,,0,80,,160,40,4,,0,40,,161,40,4,,0,80,,151,40,4,,0,115,,162,40,4,,0,105,,163,40,4,,0,146,,164,40,4,,0,105,,150,40,4,,0,106,,152,40,4,,0,105,,165,40,4,,0,79,,166,40,4,,0,39,,167,40,4,,0,80,,168,40,4,,0,40,,169,40,4,,0,80,,153,40,4,,0,80,,170,40,4,,0,40,,154,40,4,,0
70001,'Semaine-01',514,,249,580,4,,0,100,,250,580,4,,0,86,,245,580,4,,0,24,,243,580,4,,0,89,,251,580,4,,0,106,,247,580,4,,0,27,,252,580,4,,0,193,,253,580,4,,0,207,,254,580,4,,0,168,,255,580,4,,0,42,,242,580,4,,0,58,,257,580,4,,0,44,,244,580,4,,0,56,,256,580,4,,0,102,,258,580,4,,0,99,,246,580,4,,0,99,,248,580,4,,0,99,,261,580,4,,0,129,,259,580,4,,0,199,,260,580,4,,0
70001,'Week-end-01',643,,270,580,4,,0,201,,271,580,4,,0,200,,262,580,4,,0,201,,263,580,4,,0,199,,264,580,4,,0,201,,265,580,4,,0,199,,266,580,4,,0,198,,267,580,4,,0,200,,268,580,4,,0,200,,269,580,4,,0
70101,'Semaine-01',545,,344,380,4,,0,104,,346,380,4,,0,69,,338,380,4,,0,31,,347,380,4,,0,100,,345,380,4,,0,198,,349,380,4,,0,201,,350,380,4,,0,199,,351,380,4,,0,102,,352,380,4,,0,98,,348,380,4,,0,100,,339,380,4,,0,102,,340,380,4,,0,95,,342,380,4,,0,99,,337,380,4,,0,100,,343,380,4,,0,200,,341,380,4,,0
70101,'Week-end-01',546,,362,380,4,,0,199,,358,380,4,,0,200,,354,380,4,,0,200,,355,380,4,,0,201,,356,380,4,,0,199,,357,380,4,,0,199,,359,380,4,,0,200,,360,380,4,,0,200,,361,380,4,,0,200,,353,380,4,,0
70701,'Semaine-01',656,,376,120,4,,0,868,,378,60,4,,0,81,,377,60,4,,0,196,,375,60,4,,0
70901,'Semaine-01',603,,390,100,4,,0,146,,388,100,4,,0,956,,389,40,4,,0
72001,'Semaine-01',525,,477,400,4,,0,505,,468,400,4,,0,100,,469,400,4,,0,100,,470,400,4,,0,100,,471,400,4,,0,100,,466,400,4,,0,70,,472,400,4,,0,100,,473,400,4,,0,45,,474,400,4,,0,260,,475,400,4,,0,50,,476,400,4,,0
72001,'Week-end-01',830,,478,400,4,,0,200,,479,400,4,,0,200,,480,400,4,,0,200,,481,400,4,,0,200,,482,400,4,,0,200,,483,400,4,,0
72101,'Semaine-01',608,,497,250,4,,0,31,,495,250,4,,0,20,,500,250,4,,0,60,,496,250,4,,0,20,,498,250,4,,0,20,,499,250,4,,0,59,,491,250,4,,0,20,,492,250,4,,0,20,,493,250,4,,0,75,,494,250,4,,0
72201,'Semaine-01',612,,512,210,4,,0,30,,513,210,4,,0,60,,516,210,4,,0,20,,514,210,4,,0,20,,515,210,4,,0,60,,517,210,4,,0,19,,511,210,4,,0,20,,509,210,4,,0,60,,508,210,4,,0,20,,510,210,4,,0
72301,'Semaine-01',1009,,554,70,4,,0,43,,553,70,4,,0,185,,558,110,4,,0,96,,559,80,4,,0,215,,563,110,4,,0,70,,562,110,4,,0,14,,564,110,4,,0,26,,565,110,4,,0,60,,556,110,4,,0,34,,560,110,4,,0,86,,561,80,4,,0,295,,557,80,4,,0,119,,555,70,4,,0
73101,'Semaine-01',520,,585,280,4,,0,90,,582,280,4,,0,43,,581,280,4,,0,91,,583,280,4,,0,77,,584,280,4,,0
73201,'Semaine-01',1609,,597,280,4,,0,93,,595,280,4,,0,45,,596,280,4,,0
