37000,'Fête-1-01',836,,602,10,0,13,0,96,,598,200,0,13,0,91,,599,200,0,13,0,93,,603,200,0,13,0,91,,600,200,0,13,0,100,,601,200,0,13,0
37000,'Week-end-01',836,,39,10,0,13,0,96,,35,200,0,13,0,91,,36,200,0,13,0,93,,40,200,0,13,0,91,,37,200,0,13,0,100,,38,200,0,13,0
37001,'Fête-1-01',1604,,619,470,0,14,0,51,,620,470,0,14,0,94,,621,470,0,14,0,91,,622,470,0,14,0,94,,618,470,4,,0
37001,'Week-end-01',1604,,81,470,0,14,0,51,,82,470,0,14,0,94,,83,470,0,14,0,91,,84,470,0,14,0,94,,80,470,4,,0
73100,'Fête-2-01',1535,,861,300,4,,0,94,,859,300,4,,0,86,,858,300,4,,0,93,,860,300,4,,0,36,,857,300,4,,0
73100,'Semaine-01',1535,,575,300,4,,0,94,,573,300,4,,0,86,,572,300,4,,0,93,,574,300,4,,0,36,,571,300,4,,0
73101,'Fête-2-01',455,,866,10,,,0,90,,863,10,,,0,79,,862,10,,,0,91,,864,10,,,0,40,,865,10,,,0
73101,'Semaine-01',455,,585,10,,,0,90,,582,10,,,0,79,,581,10,,,0,91,,583,10,,,0,40,,584,10,,,0
73200,'Fête-2-01',617,,869,270,4,,0,90,,867,270,4,,0,40,,868,270,4,,0
73200,'Semaine-01',617,,591,270,4,,0,90,,589,270,4,,0,40,,590,270,4,,0
73201,'Fête-2-01',1542,,872,10,,,0,93,,870,10,,,0,85,,871,10,,,0
73201,'Semaine-01',1542,,597,10,,,0,93,,595,10,,,0,85,,596,10,,,0
