37000,'Fête-1-01',922,,598,80,0,13,0,91,,599,80,0,13,0,93,,603,80,0,13,0,51,,600,80,0,13,0,100,,601,80,0,13,0
37000,'Fête-2-01',522,,605,80,0,6 7,0,27,,606,80,0,6 7,0,67,,607,80,0,6 7,0,26,,608,80,0,6 7,0,70,,609,80,0,6 7,0,17,,610,80,0,6 7,0,30,,611,80,0,6 7,0,58,,612,80,0,6 7,0,29,,613,80,0,6 7,0,159,,614,80,0,13,0,40,,617,80,0,13,0,80,,615,80,0,13,0,80,,616,80,0,13,0
37000,'Semaine-01',522,,22,80,0,6 7,0,27,,23,80,0,6 7,0,67,,24,80,0,6 7,0,26,,25,80,0,6 7,0,70,,26,80,0,6 7,0,17,,27,80,0,6 7,0,30,,28,80,0,6 7,0,58,,29,80,0,6 7,0,29,,30,80,0,6 7,0,159,,31,80,0,13,0,40,,34,80,0,13,0,80,,32,80,0,13,0,80,,33,80,0,13,0
37000,'Week-end-01',922,,35,80,0,13,0,91,,36,80,0,13,0,93,,40,80,0,13,0,51,,37,80,0,13,0,100,,38,80,0,13,0
37001,'Fête-1-01',1543,,619,80,0,14,0,91,,620,80,0,14,0,94,,621,80,0,14,0,91,,622,80,0,14,0,94,,618,80,0,14,0
37001,'Fête-2-01',1246,,623,80,0,14,0,81,,639,80,0,14,0,81,,624,80,0,14,0,41,,638,80,0,14,0,81,,628,80,0,15,0,28,,629,80,0,15,0,67,,630,80,0,15,0,21,,631,80,0,15,0,66,,632,80,0,15,0,29,,633,80,0,15,0,67,,634,80,0,15,0,20,,635,80,0,15,0,80,,636,80,0,15,0,100,,625,80,0,14,0,45,,637,80,0,14,0,90,,626,80,0,14,0,100,,627,80,0,14,0
37001,'Semaine-01',1246,,63,80,0,14,0,81,,79,80,0,14,0,81,,64,80,0,14,0,41,,78,80,0,14,0,81,,68,80,0,15,0,28,,69,80,0,15,0,67,,70,80,0,15,0,21,,71,80,0,15,0,66,,72,80,0,15,0,29,,73,80,0,15,0,67,,74,80,0,15,0,20,,75,80,0,15,0,80,,76,80,0,15,0,100,,65,80,0,14,0,45,,77,80,0,14,0,90,,66,80,0,14,0,100,,67,80,0,14,0
37001,'Week-end-01',1543,,81,80,0,14,0,91,,82,80,0,14,0,94,,83,80,0,14,0,91,,84,80,0,14,0,94,,80,80,0,14,0
73100,'Fête-2-01',1520,,861,100,,,0,92,,859,100,,,0,43,,858,100,,,0,97,,860,100,,,0,78,,857,100,,,0
73100,'Semaine-01',1520,,575,100,,,0,92,,573,100,,,0,43,,572,100,,,0,97,,574,100,,,0,78,,571,100,,,0
73200,'Fête-2-01',607,,869,80,,,0,50,,867,80,,,0,80,,868,80,,,0
73200,'Semaine-01',607,,591,80,,,0,50,,589,80,,,0,80,,590,80,,,0
