72000,'Fête-1-01',942,,778,380,,,0,200,,779,380,,,0,200,,780,380,,,0,200,,781,380,,,0,200,,782,380,,,0,200,,777,380,,,0
72000,'Fête-2-01',1030,,790,370,,,0,105,,791,370,,,0,100,,792,370,,,0,100,,793,370,,,0,100,,794,370,,,0,100,,795,370,,,0,70,,796,370,,,0,40,,786,370,,,0,60,,787,370,,,0,20,,788,370,,,0,25,,789,370,,,0,60,,783,370,,,0,20,,784,370,,,0,20,,785,370,,,0,55,,797,370,,,0,35,,799,370,,,0,65,,802,370,,,0,50,,800,370,,,0,170,,798,370,,,0,110,,801,370,,,0
72000,'Semaine-01',1025,,417,370,,,0,121,,418,400,,,0,104,,419,410,,,0,96,,420,400,,,0,100,,421,400,,,0,70,,422,400,,,0,19,,424,370,,,0,7,,803,380,,,0,63,,425,370,,,0,47,,804,380,,,0,155,,805,380,,,0,45,,806,380,,,0,53,,429,370,,,0,33,,431,380,,,0,67,,434,370,,,0,53,,432,380,,,0,167,,430,370,,,0,110,,433,370,,,0
72000,'Week-end-01',942,,436,380,,,0,200,,437,380,,,0,200,,438,380,,,0,200,,439,380,,,0,200,,440,380,,,0,200,,435,380,,,0
72001,'Fête-1-01',802,,807,30,,,0,200,,808,30,,,0,200,,809,30,,,0,200,,810,30,,,0,200,,811,30,,,0,200,,812,30,,,0
72001,'Fête-2-01',457,,831,30,,,0,70,,814,30,,,0,30,,815,30,,,0,70,,816,30,,,0,20,,817,30,,,0,60,,818,30,,,0,20,,819,30,,,0,20,,820,30,,,0,75,,821,30,,,0,85,,822,30,,,0,95,,823,30,,,0,100,,824,30,,,0,100,,825,30,,,0,100,,826,30,,,0,100,,813,30,,,0,130,,827,30,,,0,85,,828,30,,,0,225,,829,30,,,0,85,,830,30,,,0
72001,'Semaine-01',457,,477,30,,,0,243,,832,30,,,0,302,,468,30,,,0,100,,469,30,,,0,100,,470,30,,,0,100,,471,30,,,0,100,,466,30,,,0,30,,472,30,,,0,100,,473,30,,,0,85,,474,30,,,0,220,,475,30,,,0,90,,476,30,,,0
72001,'Week-end-01',802,,478,30,,,0,200,,479,30,,,0,200,,480,30,,,0,200,,481,30,,,0,200,,482,30,,,0,200,,483,30,,,0
72100,'Semaine-01',1620,,485,220,,,0,30,,486,220,,,0,60,,488,220,,,0,20,,489,220,,,0,23,,484,230,,,0,57,,487,220,,,0,30,,490,220,,,0
72101,'Semaine-01',547,,497,30,,,0,70,,495,30,,,0,20,,500,30,,,0,20,,496,30,,,0,60,,498,30,,,0,20,,499,30,,,0,19,,491,30,,,0,61,,492,30,,,0,20,,493,30,,,0,75,,494,30,,,0
