53200,'Fête-2-01',605,,645,70,4,,0,40,,646,70,4,,0,81,,647,70,4,,0,81,,648,70,4,,0,38,,649,70,4,,0,79,,650,70,4,,0,79,,642,70,4,,0,38,,641,70,4,,0,105,,651,70,4,,0,104,,652,70,4,,0,106,,653,70,4,,0,146,,640,70,4,,0,56,,654,70,4,,0,80,,655,70,4,,0,80,,656,70,4,,0,40,,657,70,4,,0,78,,658,70,4,,0,78,,659,70,4,,0,38,,660,70,4,,0,83,,643,70,4,,0,79,,661,70,4,,0,40,,644,70,4,,0
53200,'Semaine-01',605,,112,70,4,,0,40,,113,70,4,,0,81,,114,70,4,,0,81,,115,70,4,,0,38,,116,70,4,,0,79,,117,70,4,,0,79,,109,70,4,,0,38,,108,70,4,,0,105,,118,70,4,,0,104,,119,70,4,,0,106,,120,70,4,,0,146,,107,70,4,,0,56,,121,70,4,,0,80,,122,70,4,,0,80,,123,70,4,,0,40,,124,70,4,,0,78,,125,70,4,,0,78,,126,70,4,,0,38,,127,70,4,,0,83,,110,70,4,,0,79,,128,70,4,,0,40,,111,70,4,,0
53201,'Fête-2-01',500,,667,10,,,0,30,,668,10,,,0,80,,669,10,,,0,40,,670,10,,,0,80,,671,10,,,0,80,,672,10,,,0,40,,673,10,,,0,80,,663,10,,,0,115,,674,10,,,0,105,,675,10,,,0,105,,676,10,,,0,145,,662,10,,,0,105,,664,10,,,0,105,,677,10,,,0,40,,678,10,,,0,80,,679,10,,,0,80,,680,10,,,0,40,,681,10,,,0,80,,665,10,,,0,80,,682,10,,,0,40,,666,10,,,0
53201,'Semaine-01',500,,155,10,,,0,30,,156,10,,,0,80,,157,10,,,0,40,,158,10,,,0,80,,159,10,,,0,80,,160,10,,,0,40,,161,10,,,0,80,,151,10,,,0,115,,162,10,,,0,105,,163,10,,,0,105,,164,10,,,0,145,,150,10,,,0,105,,152,10,,,0,105,,165,10,,,0,40,,166,10,,,0,80,,167,10,,,0,80,,168,10,,,0,40,,169,10,,,0,80,,153,10,,,0,80,,170,10,,,0,40,,154,10,,,0
72001,'Fête-1-01',820,,807,310,,,0,200,,808,310,,,0,200,,809,310,,,0,200,,810,310,,,0,200,,811,310,,,0,200,,812,310,,,0
72001,'Fête-2-01',514,,831,310,,,0,30,,814,310,,,0,70,,815,310,,,0,30,,816,310,,,0,60,,817,310,,,0,20,,818,310,,,0,20,,819,310,,,0,60,,820,310,,,0,35,,821,310,,,0,85,,822,310,,,0,95,,823,310,,,0,100,,824,310,,,0,100,,825,310,,,0,100,,826,310,,,0,100,,813,310,,,0,130,,827,310,,,0,84,,828,310,,,0,225,,829,310,,,0,85,,830,310,,,0
72001,'Semaine-01',513,,477,310,,,0,203,,832,310,,,0,302,,468,310,,,0,100,,469,310,,,0,100,,470,310,,,0,100,,471,310,,,0,100,,466,310,,,0,30,,472,310,,,0,100,,473,310,,,0,85,,474,310,,,0,220,,475,310,,,0,90,,476,310,,,0
72001,'Week-end-01',820,,478,310,,,0,200,,479,310,,,0,200,,480,310,,,0,200,,481,310,,,0,200,,482,310,,,0,200,,483,310,,,0
72101,'Semaine-01',557,,497,160,,,0,70,,495,160,,,0,20,,500,160,,,0,60,,496,160,,,0,20,,498,160,,,0,20,,499,160,,,0,59,,491,160,,,0,21,,492,160,,,0,20,,493,160,,,0,75,,494,160,,,0
72201,'Semaine-01',603,,512,180,,,0,30,,513,180,,,0,20,,516,180,,,0,60,,514,180,,,0,20,,515,180,,,0,20,,517,180,,,0,60,,511,180,,,0,20,,509,180,,,0,20,,508,180,,,0,60,,510,180,,,0
