70000,'Semaine-01',649,,199,20,,,0,85,,193,20,,,0,685,,202,20,,,0,131,,208,20,,,0,201,,210,20,,,0,99,,209,20,,,0,300,,211,20,,,0
70001,'Semaine-01',616,,250,590,4,,0,86,,245,590,4,,0,113,,251,590,4,,0,133,,252,590,4,,0,401,,254,590,4,,0,210,,242,590,4,,0
72000,'Fête-1-01',909,,778,20,,,0,200,,779,20,,,0,200,,780,20,,,0,200,,781,20,,,0,200,,782,20,,,0,200,,777,20,,,0
72000,'Semaine-01',1221,,419,50,,,0,688,,431,20,,,0,120,,432,20,,,0
72000,'Week-end-01',909,,436,20,,,0,200,,437,20,,,0,200,,438,20,,,0,200,,439,20,,,0,200,,440,20,,,0,200,,435,20,,,0
72001,'Fête-1-01',833,,807,410,4,,0,200,,808,410,4,,0,200,,809,410,4,,0,200,,810,410,4,,0,200,,811,410,4,,0,200,,812,410,4,,0
72001,'Fête-2-01',528,,831,410,4,,0,30,,814,410,4,,0,70,,815,410,4,,0,30,,816,410,4,,0,60,,817,410,4,,0,20,,818,410,4,,0,20,,819,410,4,,0,60,,820,410,4,,0,35,,821,410,4,,0,85,,822,410,4,,0,95,,823,410,4,,0,100,,824,410,4,,0,100,,825,410,4,,0,100,,826,410,4,,0,100,,813,410,4,,0,170,,827,410,4,,0,45,,828,410,4,,0,265,,829,410,4,,0,45,,830,410,4,,0
72001,'Semaine-01',1033,,468,410,4,,0,100,,469,410,4,,0,100,,470,410,4,,0,270,,472,410,4,,0,100,,473,410,4,,0,45,,474,410,4,,0,260,,475,410,4,,0,50,,476,410,4,,0
72001,'Week-end-01',833,,478,410,4,,0,200,,479,410,4,,0,200,,480,410,4,,0,200,,481,410,4,,0,200,,482,410,4,,0,200,,483,410,4,,0
72100,'Semaine-01',1730,,484,20,,,0
72101,'Semaine-01',642,,495,260,4,,0,80,,496,260,4,,0
72200,'Semaine-01',1700,,501,20,,,0,100,,507,20,,,0
72201,'Semaine-01',705,,516,220,4,,0
