53200,'Fête-2-01',546,,645,40,,,0,80,,646,40,,,0,81,,647,40,,,0,39,,648,40,,,0,81,,649,40,,,0,79,,650,40,,,0,39,,642,40,,,0,82,,641,40,,,0,111,,651,40,,,0,103,,652,40,,,0,106,,653,40,,,0,106,,640,40,,,0,96,,654,40,,,0,80,,655,40,,,0,80,,656,40,,,0,40,,657,40,,,0,79,,658,40,,,0,78,,659,40,,,0,38,,660,40,,,0,81,,643,40,,,0,78,,661,40,,,0,40,,644,40,,,0
53200,'Semaine-01',546,,112,40,,,0,80,,113,40,,,0,81,,114,40,,,0,39,,115,40,,,0,81,,116,40,,,0,79,,117,40,,,0,39,,109,40,,,0,82,,108,40,,,0,111,,118,40,,,0,103,,119,40,,,0,106,,120,40,,,0,106,,107,40,,,0,96,,121,40,,,0,80,,122,40,,,0,80,,123,40,,,0,40,,124,40,,,0,79,,125,40,,,0,78,,126,40,,,0,38,,127,40,,,0,81,,110,40,,,0,78,,128,40,,,0,40,,111,40,,,0
70000,'Fête-1-01',723,,684,30,,,0,200,,688,30,,,0,200,,689,30,,,0,200,,690,30,,,0,200,,691,30,,,0,200,,692,30,,,0,200,,685,30,,,0,200,,686,30,,,0,199,,687,30,,,0,200,,683,30,,,0
70000,'Fête-2-01',724,,694,30,,,0,199,,698,30,,,0,200,,699,30,,,0,200,,700,30,,,0,201,,701,30,,,0,200,,702,30,,,0,199,,695,30,,,0,199,,696,30,,,0,200,,697,30,,,0,200,,693,30,,,0
70000,'Semaine-01',552,,198,30,,,0,105,,199,40,,,0,67,,195,30,,,0,19,,193,40,,,0,71,,192,30,,,0,39,,207,30,,,0,100,,196,30,,,0,70,,200,30,,,0,212,,201,60,,,0,192,,202,40,,,0,130,,208,40,,,0,92,,191,60,,,0,75,,203,30,,,0,34,,210,40,,,0,81,,206,60,,,0,18,,209,40,,,0,96,,194,30,,,0,99,,197,30,,,0,104,,211,40,,,0,166,,204,30,,,0,200,,205,30,,,0
70000,'Week-end-01',723,,213,30,,,0,200,,217,30,,,0,200,,218,30,,,0,200,,219,30,,,0,200,,220,30,,,0,200,,221,30,,,0,200,,214,30,,,0,200,,215,30,,,0,199,,216,30,,,0,200,,212,30,,,0
70100,'Fête-1-01',622,,732,30,,,0,200,,724,30,,,0,201,,728,30,,,0,200,,725,30,,,0,200,,726,30,,,0,200,,727,30,,,0,200,,729,30,,,0,200,,730,30,,,0,200,,731,30,,,0,200,,723,30,,,0
70100,'Fête-2-01',621,,742,30,,,0,202,,734,30,,,0,200,,738,30,,,0,200,,735,30,,,0,200,,736,30,,,0,200,,737,30,,,0,200,,739,30,,,0,200,,740,30,,,0,199,,741,30,,,0,200,,733,30,,,0
70100,'Semaine-01',623,,294,30,,,0,130,,295,30,,,0,70,,303,30,,,0,100,,297,30,,,0,200,,304,30,,,0,200,,305,30,,,0,200,,306,30,,,0,101,,296,30,,,0,30,,302,30,,,0,85,,292,30,,,0,184,,298,30,,,0,100,,299,30,,,0,100,,293,30,,,0,99,,300,30,,,0,200,,301,30,,,0
70100,'Week-end-01',622,,316,30,,,0,200,,308,30,,,0,201,,312,30,,,0,200,,309,30,,,0,200,,310,30,,,0,200,,311,30,,,0,200,,313,30,,,0,200,,314,30,,,0,200,,315,30,,,0,200,,307,30,,,0
70900,'Fête-2-01',1649,,772,30,,,0,96,,771,30,,,0,88,,773,30,,,0
70900,'Semaine-01',1649,,383,30,,,0,96,,382,30,,,0,88,,384,30,,,0
72200,'Semaine-01',1615,,502,30,,,0,35,,505,30,,,0,59,,501,40,,,0,16,,506,30,,,0,20,,503,30,,,0,64,,507,40,,,0,26,,504,30,,,0
