53201,'Fête-2-01',501,,667,20,,,0,30,,668,20,,,0,80,,669,20,,,0,40,,670,20,,,0,80,,671,20,,,0,80,,672,20,,,0,40,,673,20,,,0,80,,663,20,,,0,115,,674,20,,,0,105,,675,20,,,0,105,,676,20,,,0,145,,662,20,,,0,105,,664,20,,,0,105,,677,20,,,0,40,,678,20,,,0,80,,679,20,,,0,80,,680,20,,,0,40,,681,20,,,0,80,,665,20,,,0,80,,682,20,,,0,40,,666,20,,,0
53201,'Semaine-01',501,,155,20,,,0,30,,156,20,,,0,80,,157,20,,,0,40,,158,20,,,0,80,,159,20,,,0,80,,160,20,,,0,40,,161,20,,,0,80,,151,20,,,0,115,,162,20,,,0,105,,163,20,,,0,105,,164,20,,,0,145,,150,20,,,0,105,,152,20,,,0,105,,165,20,,,0,40,,166,20,,,0,80,,167,20,,,0,80,,168,20,,,0,40,,169,20,,,0,80,,153,20,,,0,80,,170,20,,,0,40,,154,20,,,0
70901,'Fête-2-01',557,,776,80,,,0,186,,774,80,,,0,916,,775,20,,,0
70901,'Semaine-01',557,,390,80,,,0,186,,388,80,,,0,916,,389,20,,,0
72001,'Fête-1-01',822,,807,320,,,0,200,,808,320,,,0,200,,809,320,,,0,200,,810,320,,,0,200,,811,320,,,0,200,,812,320,,,0
72001,'Fête-2-01',516,,831,320,,,0,30,,814,320,,,0,70,,815,320,,,0,30,,816,320,,,0,60,,817,320,,,0,20,,818,320,,,0,20,,819,320,,,0,60,,820,320,,,0,35,,821,320,,,0,85,,822,320,,,0,95,,823,320,,,0,100,,824,320,,,0,100,,825,320,,,0,100,,826,320,,,0,100,,813,320,,,0,130,,827,320,,,0,84,,828,320,,,0,265,,829,320,,,0,45,,830,320,,,0
72001,'Semaine-01',515,,477,320,,,0,203,,832,320,,,0,302,,468,320,,,0,100,,469,320,,,0,100,,470,320,,,0,100,,471,320,,,0,100,,466,320,,,0,30,,472,320,,,0,100,,473,320,,,0,85,,474,320,,,0,220,,475,320,,,0,90,,476,320,,,0
72001,'Week-end-01',822,,478,320,,,0,200,,479,320,,,0,200,,480,320,,,0,200,,481,320,,,0,200,,482,320,,,0,200,,483,320,,,0
72101,'Semaine-01',558,,497,170,,,0,70,,495,170,,,0,20,,500,170,,,0,60,,496,170,,,0,20,,498,170,,,0,20,,499,170,,,0,59,,491,170,,,0,21,,492,170,,,0,20,,493,170,,,0,75,,494,170,,,0
72201,'Semaine-01',603,,512,190,,,0,30,,513,190,,,0,20,,516,190,,,0,60,,514,190,,,0,20,,515,190,,,0,20,,517,190,,,0,60,,511,190,,,0,20,,509,190,,,0,20,,508,190,,,0,60,,510,190,,,0
