72000,'Fête-1-01',941,,778,370,,,0,200,,779,370,,,0,200,,780,370,,,0,200,,781,370,,,0,200,,782,370,,,0,200,,777,370,,,0
72000,'Fête-2-01',1030,,790,360,,,0,105,,791,360,,,0,100,,792,360,,,0,100,,793,360,,,0,100,,794,360,,,0,100,,795,360,,,0,70,,796,360,,,0,40,,786,360,,,0,60,,787,360,,,0,20,,788,360,,,0,25,,789,360,,,0,60,,783,360,,,0,20,,784,360,,,0,20,,785,360,,,0,55,,797,360,,,0,35,,799,360,,,0,65,,802,360,,,0,50,,800,360,,,0,170,,798,360,,,0,110,,801,360,,,0
72000,'Semaine-01',1025,,417,360,,,0,121,,418,390,,,0,104,,419,400,,,0,96,,420,390,,,0,100,,421,390,,,0,70,,422,390,,,0,19,,424,360,,,0,7,,803,370,,,0,63,,425,360,,,0,47,,804,370,,,0,155,,805,370,,,0,45,,806,370,,,0,53,,429,360,,,0,33,,431,370,,,0,67,,434,360,,,0,53,,432,370,,,0,167,,430,360,,,0,110,,433,360,,,0
72000,'Week-end-01',941,,436,370,,,0,200,,437,370,,,0,200,,438,370,,,0,200,,439,370,,,0,200,,440,370,,,0,200,,435,370,,,0
72001,'Fête-1-01',801,,807,20,,,0,200,,808,20,,,0,200,,809,20,,,0,200,,810,20,,,0,200,,811,20,,,0,200,,812,20,,,0
72001,'Fête-2-01',456,,831,20,,,0,70,,814,20,,,0,30,,815,20,,,0,70,,816,20,,,0,20,,817,20,,,0,60,,818,20,,,0,20,,819,20,,,0,20,,820,20,,,0,75,,821,20,,,0,85,,822,20,,,0,95,,823,20,,,0,100,,824,20,,,0,100,,825,20,,,0,100,,826,20,,,0,100,,813,20,,,0,130,,827,20,,,0,85,,828,20,,,0,225,,829,20,,,0,85,,830,20,,,0
72001,'Semaine-01',456,,477,20,,,0,203,,832,20,,,0,342,,468,20,,,0,100,,469,20,,,0,100,,470,20,,,0,100,,471,20,,,0,100,,466,20,,,0,30,,472,20,,,0,100,,473,20,,,0,85,,474,20,,,0,220,,475,20,,,0,90,,476,20,,,0
72001,'Week-end-01',801,,478,20,,,0,200,,479,20,,,0,200,,480,20,,,0,200,,481,20,,,0,200,,482,20,,,0,200,,483,20,,,0
72100,'Semaine-01',1620,,485,210,,,0,30,,486,210,,,0,60,,488,210,,,0,20,,489,210,,,0,23,,484,220,,,0,57,,487,210,,,0,30,,490,210,,,0
72101,'Semaine-01',546,,497,20,,,0,70,,495,20,,,0,20,,500,20,,,0,20,,496,20,,,0,60,,498,20,,,0,20,,499,20,,,0,19,,491,20,,,0,61,,492,20,,,0,20,,493,20,,,0,75,,494,20,,,0
