72000,'Fête-1-01',943,,778,400,,,0,200,,779,400,,,0,200,,780,400,,,0,200,,781,400,,,0,200,,782,400,,,0,200,,777,400,,,0
72000,'Fête-2-01',1031,,790,390,,,0,105,,791,390,,,0,100,,792,390,,,0,100,,793,390,,,0,100,,794,390,,,0,100,,795,390,,,0,70,,796,390,,,0,40,,786,390,,,0,60,,787,390,,,0,20,,788,390,,,0,25,,789,390,,,0,60,,783,390,,,0,20,,784,390,,,0,20,,785,390,,,0,55,,797,390,,,0,35,,799,390,,,0,65,,802,390,,,0,50,,800,390,,,0,170,,798,390,,,0,110,,801,390,,,0
72000,'Semaine-01',1026,,417,390,,,0,121,,418,420,,,0,104,,419,430,,,0,96,,420,420,,,0,100,,421,420,,,0,70,,422,420,,,0,19,,424,390,,,0,7,,803,400,,,0,63,,425,390,,,0,47,,804,400,,,0,155,,805,400,,,0,45,,806,400,,,0,53,,429,390,,,0,33,,431,400,,,0,67,,434,390,,,0,53,,432,400,,,0,167,,430,390,,,0,110,,433,390,,,0
72000,'Week-end-01',943,,436,400,,,0,200,,437,400,,,0,200,,438,400,,,0,200,,439,400,,,0,200,,440,400,,,0,200,,435,400,,,0
72001,'Fête-1-01',803,,807,50,,,0,200,,808,50,,,0,200,,809,50,,,0,200,,810,50,,,0,200,,811,50,,,0,200,,812,50,,,0
72001,'Fête-2-01',458,,831,50,,,0,70,,814,50,,,0,30,,815,50,,,0,70,,816,50,,,0,20,,817,50,,,0,60,,818,50,,,0,20,,819,50,,,0,20,,820,50,,,0,75,,821,50,,,0,85,,822,50,,,0,95,,823,50,,,0,100,,824,50,,,0,100,,825,50,,,0,100,,826,50,,,0,100,,813,50,,,0,130,,827,50,,,0,85,,828,50,,,0,225,,829,50,,,0,85,,830,50,,,0
72001,'Semaine-01',458,,477,50,,,0,243,,832,50,,,0,302,,468,50,,,0,100,,469,50,,,0,100,,470,50,,,0,100,,471,50,,,0,100,,466,50,,,0,30,,472,50,,,0,100,,473,50,,,0,85,,474,50,,,0,220,,475,50,,,0,90,,476,50,,,0
72001,'Week-end-01',803,,478,50,,,0,200,,479,50,,,0,200,,480,50,,,0,200,,481,50,,,0,200,,482,50,,,0,200,,483,50,,,0
72100,'Semaine-01',1621,,485,240,,,0,30,,486,240,,,0,60,,488,240,,,0,20,,489,240,,,0,23,,484,250,,,0,57,,487,240,,,0,30,,490,240,,,0
72101,'Semaine-01',548,,497,50,,,0,70,,495,50,,,0,20,,500,50,,,0,20,,496,50,,,0,60,,498,50,,,0,20,,499,50,,,0,19,,491,50,,,0,61,,492,50,,,0,20,,493,50,,,0,75,,494,50,,,0
