37000,'Fête-1-01',854,,602,350,0,13,0,96,,598,540,0,13,0,91,,599,540,0,13,0,93,,603,540,0,13,0,91,,600,540,0,13,0,100,,601,540,0,13,0
37000,'Fête-2-01',526,,604,340,0,6 7,0,20,,605,420,0,6 7,0,67,,606,420,0,6 7,0,27,,607,420,0,6 7,0,66,,608,420,0,6 7,0,30,,609,420,0,6 7,0,17,,610,420,0,6 7,0,70,,611,420,0,6 7,0,18,,612,420,0,6 7,0,69,,613,420,0,6 7,0,113,,614,320,0,13,0,80,,617,320,0,13,0,40,,615,320,0,13,0,80,,616,320,0,13,0
37000,'Semaine-01',526,,21,340,0,6 7,0,20,,22,420,0,6 7,0,67,,23,420,0,6 7,0,27,,24,420,0,6 7,0,66,,25,420,0,6 7,0,30,,26,420,0,6 7,0,17,,27,420,0,6 7,0,70,,28,420,0,6 7,0,18,,29,420,0,6 7,0,69,,30,420,0,6 7,0,113,,31,320,0,13,0,80,,34,320,0,13,0,40,,32,320,0,13,0,80,,33,320,0,13,0
37000,'Week-end-01',854,,39,350,0,13,0,96,,35,540,0,13,0,91,,36,540,0,13,0,93,,40,540,0,13,0,91,,37,540,0,13,0,100,,38,540,0,13,0
37001,'Fête-1-01',1610,,619,620,0,14,0,91,,620,620,0,14,0,54,,621,620,0,14,0,91,,622,620,0,14,0
37001,'Fête-2-01',1304,,623,410,0,14,0,41,,639,410,0,14,0,81,,624,410,0,14,0,81,,638,410,0,14,0,519,,625,410,0,14,0,85,,637,410,0,14,0,90,,626,410,0,14,0
37001,'Semaine-01',1304,,63,410,0,14,0,41,,79,410,0,14,0,81,,64,410,0,14,0,81,,78,410,0,14,0,519,,65,410,0,14,0,85,,77,410,0,14,0,90,,66,410,0,14,0
37001,'Week-end-01',1610,,81,620,0,14,0,91,,82,620,0,14,0,54,,83,620,0,14,0,91,,84,620,0,14,0
73101,'Fête-2-01',502,,866,160,,,0,50,,863,160,,,0,80,,862,160,,,0,91,,864,160,,,0,79,,865,160,,,0
73101,'Semaine-01',502,,585,160,,,0,50,,582,160,,,0,80,,581,160,,,0,91,,583,160,,,0,79,,584,160,,,0
73201,'Fête-2-01',1549,,872,160,,,0,93,,870,160,,,0,85,,871,160,,,0
73201,'Semaine-01',1549,,597,160,,,0,93,,595,160,,,0,85,,596,160,,,0
