37000,'Fête-1-01',856,,602,390,0,5,0,96,,598,580,0,5,0,91,,599,580,0,5,0,93,,603,580,0,5,0,91,,600,580,0,5,0,100,,601,580,0,5,0
37000,'Fête-2-01',528,,604,380,0,6 7,0,20,,605,460,0,6 7,0,67,,606,460,0,6 7,0,27,,607,460,0,6 7,0,66,,608,460,0,6 7,0,30,,609,460,0,6 7,0,17,,610,460,0,6 7,0,70,,611,460,0,6 7,0,18,,612,460,0,6 7,0,69,,613,460,0,6 7,0,113,,614,360,0,5,0,80,,617,360,0,5,0,40,,615,360,0,5,0,80,,616,360,0,5,0
37000,'Semaine-01',528,,21,380,0,6 7,0,20,,22,460,0,6 7,0,67,,23,460,0,6 7,0,27,,24,460,0,6 7,0,66,,25,460,0,6 7,0,30,,26,460,0,6 7,0,17,,27,460,0,6 7,0,70,,28,460,0,6 7,0,18,,29,460,0,6 7,0,69,,30,460,0,6 7,0,113,,31,360,0,5,0,80,,34,360,0,5,0,40,,32,360,0,5,0,80,,33,360,0,5,0
37000,'Week-end-01',856,,39,390,0,5,0,96,,35,580,0,5,0,91,,36,580,0,5,0,93,,40,580,0,5,0,91,,37,580,0,5,0,100,,38,580,0,5,0
37001,'Fête-1-01',1613,,619,640,0,8,0,91,,620,640,0,8,0,54,,621,640,0,8,0,91,,622,640,0,8,0
37001,'Fête-2-01',1307,,623,430,0,8,0,41,,639,430,0,8,0,81,,624,430,0,8,0,81,,638,430,0,8,0,46,,628,470,0,9,0,68,,629,470,0,9,0,27,,630,470,0,9,0,61,,631,470,0,9,0,26,,632,470,0,9,0,69,,633,470,0,9,0,27,,634,470,0,9,0,20,,635,470,0,9,0,80,,636,470,0,9,0,95,,625,430,0,8,0,85,,637,430,0,8,0,90,,626,430,0,8,0
37001,'Semaine-01',1307,,63,430,0,8,0,41,,79,430,0,8,0,81,,64,430,0,8,0,81,,78,430,0,8,0,46,,68,470,0,9,0,68,,69,470,0,9,0,27,,70,470,0,9,0,61,,71,470,0,9,0,26,,72,470,0,9,0,69,,73,470,0,9,0,27,,74,470,0,9,0,20,,75,470,0,9,0,80,,76,470,0,9,0,95,,65,430,0,8,0,85,,77,430,0,8,0,90,,66,430,0,8,0
37001,'Week-end-01',1613,,81,640,0,8,0,91,,82,640,0,8,0,54,,83,640,0,8,0,91,,84,640,0,8,0
73101,'Fête-2-01',505,,866,200,,,0,50,,863,200,,,0,81,,862,200,,,0,90,,864,200,,,0,79,,865,200,,,0
73101,'Semaine-01',505,,585,200,,,0,50,,582,200,,,0,81,,581,200,,,0,90,,583,200,,,0,79,,584,200,,,0
73201,'Fête-2-01',1552,,872,200,,,0,93,,870,200,,,0,85,,871,200,,,0
73201,'Semaine-01',1552,,597,200,,,0,93,,595,200,,,0,85,,596,200,,,0
