53200,'Fête-2-01',547,,645,50,,,0,80,,646,50,,,0,81,,647,50,,,0,41,,648,50,,,0,81,,649,50,,,0,78,,650,50,,,0,38,,642,50,,,0,82,,641,50,,,0,111,,651,50,,,0,105,,652,50,,,0,106,,653,50,,,0,105,,640,50,,,0,96,,654,50,,,0,80,,655,50,,,0,80,,656,50,,,0,40,,657,50,,,0,79,,658,50,,,0,78,,659,50,,,0,37,,660,50,,,0,81,,643,50,,,0,79,,661,50,,,0,40,,644,50,,,0
53200,'Semaine-01',547,,112,50,,,0,80,,113,50,,,0,81,,114,50,,,0,41,,115,50,,,0,81,,116,50,,,0,78,,117,50,,,0,38,,109,50,,,0,82,,108,50,,,0,111,,118,50,,,0,105,,119,50,,,0,106,,120,50,,,0,105,,107,50,,,0,96,,121,50,,,0,80,,122,50,,,0,80,,123,50,,,0,40,,124,50,,,0,79,,125,50,,,0,78,,126,50,,,0,37,,127,50,,,0,81,,110,50,,,0,79,,128,50,,,0,40,,111,50,,,0
70000,'Fête-1-01',725,,684,40,,,0,200,,688,40,,,0,200,,689,40,,,0,200,,690,40,,,0,200,,691,40,,,0,201,,692,40,,,0,199,,685,40,,,0,200,,686,40,,,0,199,,687,40,,,0,200,,683,40,,,0
70000,'Fête-2-01',726,,694,40,,,0,199,,698,40,,,0,200,,699,40,,,0,200,,700,40,,,0,201,,701,40,,,0,201,,702,40,,,0,198,,695,40,,,0,199,,696,40,,,0,200,,697,40,,,0,200,,693,40,,,0
70000,'Semaine-01',554,,198,40,,,0,105,,199,50,,,0,67,,195,40,,,0,20,,193,50,,,0,70,,192,40,,,0,39,,207,40,,,0,100,,196,40,,,0,70,,200,40,,,0,213,,201,70,,,0,192,,202,50,,,0,170,,208,50,,,0,52,,191,70,,,0,75,,203,40,,,0,74,,210,50,,,0,41,,206,70,,,0,17,,209,50,,,0,96,,194,40,,,0,99,,197,40,,,0,104,,211,50,,,0,166,,204,40,,,0,200,,205,40,,,0
70000,'Week-end-01',725,,213,40,,,0,200,,217,40,,,0,200,,218,40,,,0,200,,219,40,,,0,200,,220,40,,,0,201,,221,40,,,0,199,,214,40,,,0,200,,215,40,,,0,199,,216,40,,,0,200,,212,40,,,0
70100,'Fête-1-01',624,,732,40,,,0,200,,724,40,,,0,201,,728,40,,,0,200,,725,40,,,0,201,,726,40,,,0,200,,727,40,,,0,199,,729,40,,,0,200,,730,40,,,0,200,,731,40,,,0,200,,723,40,,,0
70100,'Fête-2-01',623,,742,40,,,0,202,,734,40,,,0,200,,738,40,,,0,200,,735,40,,,0,200,,736,40,,,0,201,,737,40,,,0,199,,739,40,,,0,200,,740,40,,,0,199,,741,40,,,0,200,,733,40,,,0
70100,'Semaine-01',625,,294,40,,,0,130,,295,40,,,0,70,,303,40,,,0,100,,297,40,,,0,200,,304,40,,,0,200,,305,40,,,0,201,,306,40,,,0,101,,296,40,,,0,30,,302,40,,,0,84,,292,40,,,0,184,,298,40,,,0,100,,299,40,,,0,100,,293,40,,,0,99,,300,40,,,0,200,,301,40,,,0
70100,'Week-end-01',624,,316,40,,,0,200,,308,40,,,0,201,,312,40,,,0,200,,309,40,,,0,201,,310,40,,,0,200,,311,40,,,0,199,,313,40,,,0,200,,314,40,,,0,200,,315,40,,,0,200,,307,40,,,0
